0.02	3.23
0.05	3.19
0.08	3.3
0.11	3.35
0.14	3.26
0.17	3.32
0.2	3.68
0.23	3.35
0.26	3.24
0.29	3.29
0.32	3.19
0.35	3.34
0.38	3.21
0.41	3.2
0.44	3.19
0.47	3.23
0.5	3.29
0.53	3.41
0.56	3.43
0.59	3.6
0.62	3.16
0.65	3.34
0.68	3.62
0.71	3.16
0.74	3.27
0.77	3.58
0.8	3.29
0.83	3.14
0.86	3.28
0.89	3.34
0.92	3.41
0.95	3.11
0.98	3.13
1.01	3.28
1.04	3.18
1.07	3.23
1.1	3.42
1.13	3.32
1.16	3.47
1.19	2.88
1.22	3.33
1.25	3.46
1.28	4.18
1.31	3.48
1.34	3.48
1.37	3.83
1.4	3.92
1.43	3.81
1.46	3.62
1.49	3.63
1.58	3.64
1.67	4.29
1.7	3.79
1.73	3.96
1.76	3.88
1.79	3.4
1.82	3.58
1.85	4.04
1.88	3.67
1.91	3.85
1.92	3.75
1.94	4.25
1.95	3.76
1.97	3.86
1.98	4.01
2	4
2.03	3.93
2.04	4.06
2.06	4.09
2.09	4.15
2.1	4.06
2.12	4.28
2.15	4.09
2.16	4.21
2.18	3.92
2.21	3.94
2.22	4.18
2.24	4.34
2.27	3.39
2.28	4.35
2.3	3.95
2.33	4.18
2.34	4.32
2.36	4.12
2.39	4.22
2.4	4.28
2.42	3.66
2.46	4.21
2.48	4.15
2.51	4.22
2.54	3.98
2.56	4.21
2.57	4.55
2.58	4.45
2.6	3.3
2.62	4.66
2.63	4.21
2.66	4.48
2.68	4.22
2.78	5.09
2.81	5.03
2.87	4.88
2.89	4.78
2.9	5.11
2.93	5.17
2.94	5.23
2.96	5.18
2.99	5.07
3	5.34
3.02	5.13
3.06	5.29
3.08	5.19
3.11	5.3
3.12	5.16
3.17	5.14
3.18	5.14
3.2	5.34
3.24	5.29
3.26	5.15
3.3	5.17
3.32	5.21
3.36	5.19
3.38	5.26
3.47	5.15
3.62	5.03
3.77	5.22
3.86	5.15
3.92	4.75
3.98	5.01
4.04	4.67
4.07	5.26
4.1	5.05
4.13	5.23
4.16	4.95
4.19	5.09
4.22	5.14
4.25	4.91
4.28	4.45
4.31	4.07
4.37	5
4.4	4.92
4.43	4.33
4.46	4.35
4.49	4.98
4.52	5.14
4.55	3.53
4.67	4.9
4.7	4.36
4.73	4.75
4.76	4.44
4.79	4.78
4.85	4.57
4.88	4.79
4.94	4.77
5.03	4.17
5.06	3.14
5.18	4.99
5.19	4.72
5.21	4.12
5.27	4.74
5.3	4.88
5.33	3.44
5.36	4.89
5.39	4.6
5.45	4.73
5.48	3.01
5.51	4.37
5.54	4.74
5.57	3.26
5.6	3.96
5.63	4.05
5.66	3.96
5.69	4.7
5.72	4.43
5.75	4.96
5.78	4.74
5.81	4.83
5.84	4.73
5.9	4.76
5.93	5
5.96	4.89
6.02	4.8
6.05	5.11
6.08	5.09
6.11	5.04
6.15	4.98
6.17	5.1
6.2	4.95
6.26	5.2
6.27	3.34
6.29	4.84
6.35	5
6.38	4.77
6.41	4.75
6.47	4.98
6.5	4.76
6.56	2.66
6.59	4.43
6.65	3.59
6.71	3.91
6.74	4.47
6.77	4.17
6.83	4.32
6.86	4.29
6.89	3.64
6.95	3.59
7.01	4.41
7.07	2.99
7.13	4.72
7.16	4.66
7.19	4.39
7.25	4.2
7.31	4.74
7.34	4.66
7.4	4.62
7.46	4.7
7.48	4.52
7.58	4.51
7.6	4.77
7.7	4.8
7.75	4.74
7.78	4.75
7.82	4.38
7.85	4.87
7.88	4.88
7.91	4.79
7.94	4.71
8	4.85
8.03	4.61
8.06	4.65
8.18	3.32
8.21	4.47
8.3	4.55
8.34	4.62
8.36	4.76
8.38	4.61
8.42	4.39
8.44	4.51
8.48	4.31
8.5	4.37
8.51	4.28
8.52	4.17
8.54	4.7
8.57	4.27
8.58	4.27
8.6	4.14
8.62	4.34
8.64	3.49
8.66	4.36
8.67	4.36
8.68	4.35
8.69	4.15
8.7	4.15
8.75	3.08
8.76	4.23
8.8	4.5
8.82	4.09
8.84	4.59
8.86	4.67
8.9	4.38
8.93	4.57
8.94	4.57
8.96	4.34
8.98	4.75
9	4.64
9.02	4.59
9.05	4.72
9.06	4.79
9.1	4.62
9.11	3.65
9.12	4.65
9.17	4.43
9.2	4.61
9.24	4.79
9.25	4.63
9.26	4.58
9.28	4.8
9.32	4.43
9.38	4.89
9.41	4.47
9.5	4.84
9.62	4.79
9.65	4.71
9.75	4.52
9.8	4.15
9.86	4.61
9.95	3.96
9.98	4.08
10.31	4.69
10.58	4.35
10.7	4.53
10.73	3.64
10.83	4.33
10.88	4.44
10.94	4.63
11.03	4.41
11.06	4.48
11.15	4.41
11.18	4.25
11.21	4.5
11.24	4.28
11.27	4.14
11.36	4.02
11.45	4.68
11.6	5.16
11.75	3.74
11.78	4.76
11.81	4.79
11.9	4.59
12.02	4.72
12.08	4.55
12.11	4.8
12.14	4.74
12.17	4.78
12.21	4.95
12.23	4.66
12.26	4.76
12.29	4.61
12.32	4.66
12.35	4.35
12.38	4.59
12.41	4.83
12.44	4.64
12.47	4.46
12.5	4.52
12.53	4.52
12.56	4.51
12.62	4.44
12.65	4.38
12.68	4.32
12.71	4.23
12.74	4.36
12.8	4.05
12.83	4.18
12.86	4.25
12.89	4.05
12.98	4.1
13.19	3.77
13.34	3.84
13.55	4.37
13.7	4.02
13.85	3.1
13.97	3.85
14.09	3.83
14.21	3.89
14.33	4.01
14.45	3.98
14.66	4.18
14.81	4.18
14.96	3.67
15.02	3.67
15.05	3.33
15.11	4.08
15.14	3.91
15.17	3.93
15.2	3.46
15.23	4.4
15.26	3.03
15.29	3.22
15.32	3.17
15.35	3.1
15.41	2.98
15.5	
15.53	4.9
15.56	4.33
15.71	5.19
15.74	5.37
15.8	5.34
15.83	5.32
15.86	5.08
15.89	5.05
15.92	5.25
15.95	5.29
15.98	5.37
16.1	5.25
16.25	4.73
16.28	4.11
16.31	4.26
16.4	5.04
16.46	5.32
16.49	5.13
16.52	5.24
16.55	4.98
16.58	5.06
16.61	4.46
16.64	4.84
16.67	5.06
16.7	5
16.73	5.09
16.76	4.78
16.82	5
16.85	4.77
16.94	4.98
16.97	5
17	3.79
17.03	4.74
17.15	4.47
17.3	4.75
17.33	5.01
17.36	4.58
17.42	4.62
17.57	4.74
17.72	4.49
17.87	4.61
18.08	4.74
18.23	4.12
18.29	4.58
18.35	4.44
18.38	4.23
18.44	4.79
18.53	4.94
18.59	5.11
18.62	4.8
18.68	5.01
18.71	5.1
18.74	5.09
18.77	5.04
18.8	4.94
18.83	4.85
18.86	4.99
18.89	5.06
18.92	5.05
18.95	5.09
18.98	4.57
19.01	5.03
19.16	4.42
19.19	4.64
19.22	4.68
19.28	4.93
19.31	5.55
19.37	5.03
19.43	4.38
19.46	4.79
19.48	4.57
19.61	4.9
19.64	4.93
19.67	4.94
19.7	4.91
19.73	4.95
19.76	4.8
19.79	4.27
19.82	4.85
19.97	4.27
20	4.45
20.06	4.47
20.09	4.66
20.12	4.54
20.15	4.21
20.18	4.13
20.21	4.58
20.24	3.88
20.27	4.24
20.39	4.47
20.42	4.6
20.48	4.83
20.66	3.79
20.81	4.71
20.84	4.72
20.9	4.83
20.98	4.92
21.08	4.69
21.17	4.34
21.23	4.12
21.26	4.58
21.38	3.84
21.44	4.13
21.47	4.13
21.56	4.46
21.59	3.97
21.77	3.47
21.8	3.52
21.86	3.71
21.89	3.55
21.92	4.63
22.01	3.64
22.1	3.85
22.13	3.56
22.16	3.84
22.19	3.9
22.22	3.73
22.28	3.64
22.31	3.71
22.34	3.62
22.37	3.6
22.4	3.57
22.43	3.53
22.46	3.54
22.49	3.29
22.55	3.54
22.58	3.5
22.64	3.71
22.67	3.72
22.7	3.66
22.73	3.46
22.76	3.61
22.85	4.13
22.88	4.06
22.91	4.33
22.94	3.9
22.97	4.06
23	4.35
23.03	4.52
23.06	4.49
23.09	4.65
23.12	4.66
23.18	4.51
23.21	4.74
23.24	4.64
23.27	4.77
23.3	4.97
23.33	4.68
23.36	4.72
23.39	4.55
23.42	4.54
23.45	4.42
23.51	4.31
23.54	4.28
23.57	4.68
23.63	4.39
23.66	4.33
23.69	4.08
23.72	4.32
23.75	4.29
23.78	4.26
23.81	4.07
23.84	3.86
23.87	3.52
23.9	3.46
23.93	3.59
23.96	3.81
23.98	3.69
24.03	3.6
24.05	3.49
24.08	3.44
24.11	3.43
24.14	3.37
24.17	3.51
24.2	3.38
24.23	3.21
24.26	3.29
24.29	3.69
24.32	3.61
24.35	3.64
24.38	3.62
24.41	4.35
24.44	4.41
24.47	4.36
24.5	3.32
24.53	4.22
24.56	4.21
24.59	3.94
24.65	3.96
24.68	3.96
24.71	4.25
24.74	3.89
24.77	4.08
24.8	4.29
24.83	4.59
24.86	4.32
24.89	4.63
24.92	4.63
24.98	4.56
25.04	4.67
25.07	4.73
25.1	3.93
25.13	4.72
25.16	4.75
25.19	4.1
25.22	4.19
25.25	4.17
25.28	4.67
25.31	4.54
25.34	4.72
25.37	4.63
25.4	4.96
25.43	4.74
25.46	4.75
25.52	4.65
25.55	4.7
25.58	4.62
25.61	4.52
25.64	4.16
25.67	3.89
25.7	4.58
25.73	4.55
25.76	4.62
25.79	4.66
25.82	4.64
25.85	4.64
25.88	4.5
25.91	4.54
25.94	3.55
25.97	4.52
26	4.28
26.03	4.97
26.06	4.79
26.09	4.76
26.12	4.83
26.15	4.89
26.18	4.84
26.21	4.7
26.24	4.58
26.27	4.69
26.33	4.73
26.36	4.52
26.45	4.71
26.51	4.58
26.54	4.58
26.57	4.58
26.6	4.68
26.63	4.46
26.72	4.71
26.75	4.67
26.87	3.96
26.93	4.63
27.08	4.68
27.17	4.73
27.2	4.98
27.23	4.79
27.29	5.13
27.32	4.4
27.44	4.85
27.47	4.83
27.53	4.75
27.56	4.78
27.59	4.96
27.62	4.83
27.65	4.85
27.68	4.85
27.71	4.93
27.74	4.82
27.77	5.05
27.8	4.74
27.86	4.82
27.89	4.79
27.92	4.96
27.95	4.68
27.98	4.92
28.01	4.9
28.04	4.76
28.13	4.68
28.16	4.76
28.19	4.78
28.22	4.78
28.25	4.6
28.28	4.75
28.31	4.78
28.34	4.78
28.4	4.64
28.43	4.81
28.46	4.48
28.49	4.6
28.55	4.61
28.58	4.46
28.61	4.62
28.64	4.33
28.67	4.4
28.7	4.34
28.73	4.39
28.76	4.21
28.79	4.24
28.82	4.19
28.85	4.1
28.88	4.05
28.91	3.97
28.94	4.1
28.97	4.09
29.03	4.03
29.06	4.03
29.09	4.09
29.12	3.99
29.15	4.04
29.18	3.9
29.21	4.52
29.24	4.11
29.27	3.97
29.3	3.91
29.33	3.96
29.36	3.86
29.39	3.96
29.42	4.11
29.45	3.92
29.48	4.38
29.54	4.71
29.57	4.58
29.6	4.68
29.63	4.63
29.66	4.55
29.69	4.53
29.72	4.64
29.75	4.69
29.78	4.68
29.81	4.75
29.84	4.64
29.87	4.66
29.9	4.83
29.93	4.51
29.96	4.63
29.98	4.71
30.02	4.38
30.05	4.07
30.08	4.53
30.14	4.34
30.17	4.15
30.2	4.3
30.23	4.08
30.26	4.21
30.29	4.33
30.32	4.04
30.35	4.59
30.38	4.01
30.41	4.42
30.44	3.76
30.47	4.22
30.5	4.27
30.53	4.54
30.54	4.2
30.59	4.28
30.62	4.28
30.67	4.29
30.71	4.19
30.74	4
30.77	3.91
30.8	4.09
30.83	3.81
30.86	3.84
30.89	3.96
30.92	3.85
30.95	3.77
30.98	3.79
31.04	3.6
31.07	3.91
31.1	3.61
31.13	3.75
31.16	3.96
31.19	3.93
31.22	3.76
31.25	3.8
31.28	3.84
31.31	3.62
31.4	3.5
31.43	3.41
31.46	3.33
31.49	3.28
31.52	3.37
31.55	3.47
31.58	3.27
31.61	3.34
31.64	3.38
31.67	3.44
31.7	3.35
31.73	3.23
31.76	3.25
31.79	3.14
31.82	3.11
31.85	3.11
31.88	3.14
31.94	3.02
31.97	3.57
32.03	3.12
32.27	5.46
32.3	5.33
32.33	4.83
32.39	5.14
32.44	4.92
32.51	5.16
32.57	5.23
32.6	5.25
32.63	4.75
32.66	5.3
32.69	5.19
32.72	5.36
32.75	5.16
32.78	5.06
32.81	5.23
32.84	5.21
32.9	5.31
32.93	5.12
32.96	5.12
32.99	5.06
33.08	5.08
33.11	5.14
33.14	5.12
33.17	5.01
33.2	5.04
33.23	5.05
33.26	4.82
33.29	4.93
33.32	4.91
33.35	5.05
33.38	5.04
33.41	4.81
33.44	5.01
33.47	4.8
33.5	4.93
33.53	4.74
33.56	4.98
33.59	5.01
33.62	4.91
33.65	4.85
33.68	4.91
33.71	4.87
33.74	4.75
33.77	4.78
33.8	4.64
33.83	4.66
33.86	4.78
33.89	4.55
33.92	4.53
33.95	4.63
34.01	4.74
34.04	4.23
34.07	4.75
34.13	4.61
34.19	4.71
34.22	4.63
34.25	4.66
34.28	4.54
34.31	4.73
34.34	4.74
34.37	4.67
34.43	4.4
34.46	4.75
34.49	4.6
34.52	4.7
34.55	4.84
34.58	4.69
34.64	4.83
34.67	4.77
34.7	4.92
34.73	4.95
34.76	4.83
34.79	4.9
34.82	4.87
34.85	4.82
34.88	4.86
34.91	4.65
34.94	4.84
35.03	4.92
35.06	4.87
35.09	4.92
35.15	4.86
35.18	5.05
35.21	4.95
