13
14
14.8000000000000
15.6000000000000
16.2000000000000
17.2000000000000
17.4000000000000
18
18
18.2000000000000
18.4000000000000
18.8000000000000
19
19
19.6000000000000
20
20
20.2000000000000
20.4000000000000
20.8000000000000
21.6000000000000
22.2000000000000
22.6000000000000
23
23.6000000000000
24
24.4000000000000
25
25.4000000000000
25.8000000000000
25.8000000000000
26
26.4000000000000
26.4000000000000
26.8000000000000
26.8000000000000
28
28.8000000000000
28.8000000000000
29.4000000000000
29.6000000000000
30.2000000000000
31.2000000000000
32
32.4000000000000
32.6000000000000
32.8000000000000
33
34
34.6000000000000
35
35.2000000000000
35.4000000000000
35.4000000000000
35.6000000000000
36.2000000000000
36.4000000000000
37.6000000000000
37.8000000000000
38.8000000000000
38.8000000000000
39.8000000000000
40.8000000000000
41.2000000000000
41.4000000000000
41.6000000000000
41.6000000000000
41.8000000000000
42.4000000000000
43.2000000000000
43.6000000000000
44.2000000000000
44.8000000000000
45
45.4000000000000
46.6000000000000
47.4000000000000
47.4000000000000
47.6000000000000
47.6000000000000
48.6000000000000
49.4000000000000
49.6000000000000
49.6000000000000
50.4000000000000
50.6000000000000
50.8000000000000
51.4000000000000
52.2000000000000
52.4000000000000
52.6000000000000
52.8000000000000
52.8000000000000
52.8000000000000
53.2000000000000
53.6000000000000
53.8000000000000
54.8000000000000
55.4000000000000
55.6000000000000