14.2000000000000
14.6000000000000
15.4000000000000
16
17.8000000000000
18
18
18.2000000000000
18.4000000000000
19.4000000000000
20.6000000000000
21.2000000000000
21.6000000000000
21.8000000000000
22.6000000000000
22.8000000000000
23
23.2000000000000
23.6000000000000
23.8000000000000
24
25.4000000000000
27.4000000000000
27.8000000000000
28.6000000000000
28.6000000000000
29.2000000000000
29.4000000000000
29.4000000000000
29.8000000000000
31.2000000000000
31.6000000000000
32.6000000000000
33.6000000000000
33.8000000000000
34.8000000000000
34.8000000000000
35.4000000000000
36
36
36.2000000000000
37.4000000000000
37.8000000000000
37.8000000000000
38.2000000000000
38.6000000000000
40.4000000000000
40.6000000000000
40.6000000000000
40.8000000000000
40.8000000000000
41.8000000000000
42
42.2000000000000
42.8000000000000
43
43
43.2000000000000
43.4000000000000
44.6000000000000
44.8000000000000
45.2000000000000
45.6000000000000
45.8000000000000
45.8000000000000
45.8000000000000
48.2000000000000
48.4000000000000
48.8000000000000
51.6000000000000
52
52
52.8000000000000
53.2000000000000
53.2000000000000
53.4000000000000
53.8000000000000
53.8000000000000
54.6000000000000
55
55.6000000000000
55.8000000000000
56.6000000000000
57
57.2000000000000
57.2000000000000
57.4000000000000
57.6000000000000
57.8000000000000
58
58.2000000000000
59.4000000000000
59.6000000000000
60
60.6000000000000
61.2000000000000
62
62.2000000000000
62.4000000000000
63