5.80000000000000
7
7.20000000000000
7.40000000000000
7.80000000000000
8.60000000000000
9
9
9.20000000000000
9.60000000000000
9.80000000000000
11.6000000000000
11.8000000000000
12.4000000000000
17
17.6000000000000
17.8000000000000
18.6000000000000
19.2000000000000
19.6000000000000
20
20.8000000000000
21
21.2000000000000
22
22.4000000000000
23.2000000000000
24
24.2000000000000
25.8000000000000
25.8000000000000
26.2000000000000
26.4000000000000
26.4000000000000
26.4000000000000
26.8000000000000
27
27.2000000000000
28
31.8000000000000
31.8000000000000
31.8000000000000
32.6000000000000
33.2000000000000
33.4000000000000
33.4000000000000
34
34.2000000000000
34.4000000000000
34.4000000000000
35
35.2000000000000
36
36.4000000000000
37.4000000000000
38
38.2000000000000
39.6000000000000
40.4000000000000
40.6000000000000
41.2000000000000
41.4000000000000
41.6000000000000
41.8000000000000
42
42.2000000000000
42.6000000000000
43.2000000000000
43.4000000000000
43.8000000000000
44.2000000000000
44.4000000000000
44.8000000000000
45
45
45.6000000000000
45.8000000000000
46
47
47.6000000000000
47.8000000000000
47.8000000000000
48.2000000000000
48.8000000000000
49
49.2000000000000
49.8000000000000
50.6000000000000
50.6000000000000
51
51.2000000000000
53
55.4000000000000
56.2000000000000
58.4000000000000
58.6000000000000
58.6000000000000
59.2000000000000
59.6000000000000
60