14
16
16.6000000000000
18
18.2000000000000
18.4000000000000
18.8000000000000
19.2000000000000
19.4000000000000
20
20.2000000000000
20.6000000000000
21.2000000000000
21.2000000000000
23.2000000000000
24.2000000000000
24.4000000000000
24.4000000000000
25.2000000000000
26.2000000000000
27.4000000000000
27.6000000000000
28
28
29.8000000000000
30
30.2000000000000
30.4000000000000
30.8000000000000
31.6000000000000
32
32
33.6000000000000
34
34.2000000000000
35
35.6000000000000
36.8000000000000
37
37.4000000000000
38.6000000000000
39
39.4000000000000
39.6000000000000
39.8000000000000
40.2000000000000
40.8000000000000
41
41.2000000000000
41.6000000000000
42
42.4000000000000
42.4000000000000
42.6000000000000
43.6000000000000
44
45.4000000000000
46.6000000000000
48
49.4000000000000
49.4000000000000
49.8000000000000
50.2000000000000
50.4000000000000
50.6000000000000
52.4000000000000
52.6000000000000
53.6000000000000
54.6000000000000
55
56
56.2000000000000
56.4000000000000
56.8000000000000
57.4000000000000
59
59.4000000000000
59.8000000000000
59.8000000000000
60.8000000000000
61.2000000000000
61.4000000000000
62
62
62.6000000000000
62.6000000000000
65.2000000000000
66.2000000000000
67
67.4000000000000
68
68.6000000000000
68.8000000000000
69.4000000000000
69.6000000000000
69.8000000000000
70.4000000000000
70.4000000000000
70.8000000000000
70.8000000000000