0.2	2.77
0.4	2.77
0.8	2.78
1.2	2.6
1.4	2.88
1.51	2.75
1.71	2.68
1.91	3.08
2.11	3.51
2.31	3.36
2.51	3.35
2.71	3.95
2.88	4.52
3.07	4.52
3.3	4.73
3.52	4.4
4.37	4.14
4.5	3.69
4.75	3.77
4.99	4.25
5.59	3.93
5.76	4.26
7.1	3.99
7.57	3.98
7.77	3.76
7.97	3.72
8.82	3.9
9.4	3.92
9.62	3.82
9.84	3.93
10.06	3.7
10.84	3.8
11.02	4.01
11.08	3.91
11.18	3.84
11.34	3.82
11.43	4.12
11.6	3.79
11.76	3.95
11.76	4.18
11.92	3.82
12.12	3.68
12.33	3.76
12.33	4.1
12.52	3.94
12.7	3.9
12.81	3.69
12.81	3.96
12.98	4.47
13.23	3.58
13.48	3.85
13.73	4.13
13.95	3.91
13.95	4.1
14.16	4
14.16	4.1
14.37	4.06
14.5	3.87
14.68	3.74
14.68	4.15
14.9	3.51
15.33	3.63
15.5	3.57
15.68	3.47
15.68	3.87
15.85	3.28
15.94	3.19
16.11	3.12
16.29	3.06
16.64	3.83
16.83	3.61
17.03	3.51
17.22	3.38
17.33	3.22
17.53	3.19
17.72	3.26
17.91	3.18
18.11	3.23
18.31	3.21
18.51	3.14
18.71	3.28
19.13	3.5
19.34	3.42
19.46	3.42
19.55	3.38
19.91	3.45
20.71	2.83
21.62	2.2
21.81	2.26
22	2.58
22.19	3.2
22.29	3.77
22.47	4.13
22.67	4.45
22.88	4.43
23.08	4.42
23.21	4.36
23.41	3.21
23.61	4.27
23.81	4.07
23.94	4.15
24.14	3.99
24.34	3.72
24.34	3.95
24.54	4.05
24.74	3.39
24.74	4.1
24.94	4.12
25.14	4.2
25.34	3.88
25.45	4.11
25.65	4.17
25.85	3.14
25.85	4.3
25.99	3.83
26.05	3.84
26.2	3.49
26.25	2.98
26.41	3.23
26.62	3.85
26.82	3.81
27.02	3.95
27.12	4.05
27.32	3.92
27.52	4
27.72	3.8
27.92	3.62
28.12	3.58
28.32	3.57
28.52	4.69
28.63	3.27
28.83	3.19
29.23	2.7
29.63	3.23
29.83	3.26
30.03	2.95
30.13	3.28
30.33	3.09
30.53	2.98
30.73	2.84
31.13	2.9
31.33	2.83
31.53	2.89
31.62	3.74
31.82	4.19
32.02	3.63
32.22	3.91
32.29	3.77
32.44	3.63
32.69	3.23
32.89	3
33.09	2.97
33.29	2.88
33.39	2.79
33.59	2.45
33.79	2.99
33.99	3.13
34.19	3.86
34.39	3.79
34.79	3.75
34.79	4.34
34.9	3.98
35.1	3.86
35.3	4
35.5	4.12
35.7	4.09
35.9	4.07
36.1	3.8
36.3	3.91
36.41	3.8
36.61	3.52
36.81	3.39
37.01	3.96
37.06	4.03
37.25	4.04
37.45	3.89
37.65	3.63
37.85	3.69
38.05	3.91
38.25	4.23
38.35	4.23
38.55	4.07
38.75	3.92
38.95	4.11
39.15	3.93
39.35	3.76
39.75	3.56
39.85	3.45
40.05	3.32
40.25	3.4
40.45	3.2
40.65	3.23
40.65	3.54
40.85	3.13
41.05	3.29
41.25	3.68
41.56	3.77
41.76	3.85
41.96	3.9
42.16	3.91
42.36	3.71
42.56	3.92
42.76	3.53
42.87	3.51
43.07	3.39
43.46	3.98
43.47	3.7
43.89	3.4
44.1	3.29
44.31	3.12
44.43	2.96
44.6	3.08
44.78	2.93
45.75	2.7
46.2	2.56
46.41	2.66
46.62	2.48
46.83	2.75
47.05	2.87
47.26	4.7
47.36	4.47
47.56	4.13
47.74	4.26
47.94	4.14
48.15	3.94
48.36	3.84
48.57	4
48.89	4.15
49.09	4.27
49.27	4.11
49.46	4.26
49.64	4.08
49.81	4.16
49.98	3.93
50.19	3.99
50.29	3.93
50.51	3.92
50.73	3.97
50.93	3.84
51.13	3.66
51.33	3.7
51.53	3.92
51.73	3.88
51.83	3.97
52.03	3.78
52.23	3.66
52.43	3.6
52.63	3.37
52.83	3.26
53.03	3.59
53.23	3.48
53.33	3.38
53.53	3.05
53.93	3.51
54.13	3.28
54.33	3.15
54.53	3.08
54.6	3.17
54.78	3.02
54.96	3
55.14	2.9
55.32	2.75
55.46	2.77
55.5	2.82
55.5	2.83
55.52	2.73
55.56	2.71
55.58	2.7
55.59	2.7
55.63	2.74
55.71	3.13
55.75	4.62
55.78	4.5
55.79	4.43
55.83	4.49
55.87	4.63
55.91	4.53
55.98	4.61
55.99	4.36
56.03	4.36
56.14	4.43
56.34	4.02
56.54	4.04
56.74	4.18
56.94	4.11
57.05	3.96
57.25	4.18
57.65	3.86
57.85	3.91
58.05	3.94
58.25	3.87
58.45	3.44
58.55	3.23
58.75	3.71
58.95	3.44
59.15	3.25
59.35	3.44
59.55	3.39
59.75	3.35
59.95	3.23
60.05	3.16
60.25	3.1
60.45	3.02
60.65	3.1
60.85	2.98
61.04	3.03
61.24	3.09
61.43	3.16
61.43	3.18
61.63	3.19
61.83	3.26
62.03	3.21
62.23	3.16
62.43	3.16
62.63	3.14
62.83	2.99
63.13	3.43
63.33	3.43
63.53	3.86
63.73	3.49
63.93	3.56
64.13	3.55
64.33	3.59
64.79	3.51
65	3.48
65.22	3.53
65.32	3.42
65.54	3.49
65.75	3.41
65.96	3.33
66.18	3.28
66.39	3.2
66.54	3.22
66.69	3.55
66.76	3.36
66.93	3.5
67.13	3.48
67.33	3.61
67.53	3.44
68.13	4.06
68.23	4.02
68.43	4.28
68.63	4.2
68.83	3.98
69.03	4.01
69.23	4.06
69.43	4.04
69.63	3.87
69.73	3.87
69.93	3.82
70.13	3.86
70.33	3.41
70.53	3.44
70.73	3.19
70.93	3.54
71.13	3.48
71.23	3.33
71.41	3.17
71.6	3.12
71.78	3.03
71.96	2.74
71.96	2.96
72.15	2.93
72.33	2.94
72.51	2.76
72.51	2.92
72.6	2.71
72.6	2.88
72.77	2.93
72.9	2.92
73.03	3.27
73.3	4.14
73.7	3.69
73.79	3.25
73.79	3.3
73.79	3.42
73.9	3.13
73.9	3.33
73.9	3.34
73.9	3.35
74.02	3.09
74.1	3.41
74.1	3.8
74.16	3.52
74.33	3.28
74.51	3.66
74.71	3.33
74.91	3.43
75.02	3.31
75.22	3.28
75.42	3.22
75.62	2.91
75.82	2.8
76.22	2.89
76.42	2.97
76.55	2.92
76.55	3.1
76.75	3.57
76.95	4.65
77.15	4.66
77.35	4.48
77.55	4.58
77.75	4.44
77.95	4.37
78.1	4.33
78.29	4.11
78.29	4.17
78.49	4.02
78.69	4.05
78.69	4.11
78.69	4.2
78.89	4.09
79.09	4.04
79.24	4.09
79.43	4.21
79.53	3.88
79.74	3.86
79.95	3.82
80.15	3.65
80.36	3.5
80.58	3.55
80.8	3.67
81.02	3.35
81.16	3.33
81.38	3.08
81.54	3
81.62	3.09
81.76	2.94
81.93	3.05
82.11	3.09
82.29	3.13
82.5	3.17
82.56	3.23
82.77	3.12
82.98	3.26
83.19	3.25
83.23	3.26
83.24	3.43
83.4	3.46
83.43	3.33
83.46	3.7
83.59	3.5
83.6	3.54
83.63	3.35
83.82	3.76
83.82	3.9
83.98	3.88
84.15	3.93
84.2	4.06
84.31	4.05
84.47	4.17
84.58	4.07
84.83	4.05
85.01	4.01
85.18	3.71
85.27	3.67
85.44	3.56
85.62	3.55
85.82	3.48
86.02	3.52
86.22	3.67
86.42	3.63
86.62	3.54
86.72	3.45
86.92	3.39
87.12	3.49
87.32	4.06
87.52	4.06
87.73	4.12
87.94	4.05
88.14	3.98
88.26	4.02
88.46	4.02
88.67	3.97
88.87	3.88
89.08	3.75
89.29	3.5
89.5	3.62
89.75	3.11
89.75	3.36
90.07	3.45
90.27	2.96
90.27	3.26
90.48	3.22
90.68	3.09
90.9	3
91.11	2.77
91.11	2.98
91.32	2.96
91.44	2.89
91.65	2.74
91.65	2.79
91.86	2.73
91.86	2.87
92.07	3.24
92.29	4.24
92.49	4.31
92.69	4.2
92.88	4.17
92.99	4.1
93.19	4.07
93.42	4.01
93.42	4.06
93.48	4.08
93.48	4.12
93.58	3.95
93.7	4.07
93.7	4.13
93.77	3.94
93.87	3.82
93.96	3.98
94.07	3.91
94.15	3.86
94.27	3.8
94.46	3.76
94.66	3.51
94.82	3.53
94.92	3.39
95.12	3.3
95.32	3.22
95.52	3.12
95.72	3.12
95.92	3.12
96.12	3.73
96.32	3.63
96.43	3.72
96.63	3.16
96.63	3.28
96.83	3.08
96.83	3.11
97.03	3.47
97.03	3.61
97.23	3.21
97.23	3.24
97.43	3.25
97.63	2.76
97.63	3.34
97.83	3.03
97.93	2.85
98.33	3.16
98.53	2.93
98.53	3.04
98.73	3.01
98.73	3.01
98.93	2.82
99.13	3.16
99.33	2.66
99.44	2.77
99.64	3.35
99.84	3.65
100.04	3.88
100.24	4.1
100.44	4.34
100.64	4.16
100.84	4.13
100.95	4.24
101.15	4.07
101.35	4
101.55	4.06
101.75	3.83
101.97	3.98
101.99	3.96
102.22	3.78
102.45	3.97
102.57	3.9
102.77	3.93
102.97	3.81
103.17	3.75
103.37	3.58
103.57	3.52
103.77	3.52
103.97	3.47
104.58	3.49
104.58	3.56
104.72	3.42
104.85	3.34
105.05	3.58
105.25	4.31
105.35	4.19
105.55	3.99
105.75	3.86
105.95	3.78
106.15	3.41
106.35	3.42
106.55	3.57
106.75	3.34
106.85	3.13
107.05	3.34
107.25	3.01
107.45	3.01
107.85	3.09
108.05	3
108.25	3.07
108.36	3.07
108.55	2.93
108.75	2.88
108.95	2.69
109.15	2.73
109.35	2.89
109.55	2.83
109.8	2.57
109.88	2.79
110.03	3.58
110.2	3.94
110.42	3.78
110.64	3.34
110.85	2.67
111.03	3.2
111.2	3.17
111.44	3.35
111.61	3.54
111.77	3.53
111.96	3.75
112.16	3.63
112.36	3.5
112.56	3.43
112.76	3.25
112.96	3.37
113.1	3.24
113.3	3.25
113.5	3.39
113.9	3.84
114.1	3.7
114.23	3.68
114.3	3.69
114.43	3.57
114.63	3.73
114.83	3.39
115.03	3.61
115.23	3.58
115.43	3.16
115.54	3.12
115.74	3.47
115.94	3.37
116.14	3.87
116.34	3.21
116.54	3.04
116.74	3.23
116.94	3.15
117.04	3.34
117.24	3.37
117.64	3.76
117.84	3.92
118.04	3.88
118.24	3.91
118.44	3.91
118.54	3.91
118.74	3.95
118.94	3.91
119.34	3.81
119.54	3.86
119.74	3.81
119.94	3.65
120.06	3.82
120.26	3.8
120.46	3.58
120.66	3.75
120.86	3.69
121.06	3.38
121.26	3.26
121.46	3
121.57	2.74
121.78	2.71
121.97	2.69
122.17	2.69
122.29	2.81
122.42	2.75
122.56	2.68
122.7	2.99
122.77	2.87
123.05	3.01
123.51	3.21
123.71	3.18
123.91	3.23
124.05	3.26
124.25	3.41
124.45	3.42
124.65	3.48
124.85	3.52
125.04	3.73
125.22	3.72
125.41	3.36
125.75	3.34
125.96	3.1
126.17	3.03
126.38	3.12
126.59	3.26
126.68	3.27
126.77	3.41
126.96	3.41
127.15	3.69
127.15	4.11
128.07	3.93
128.26	3.96
128.43	3.78
128.6	3.74
128.77	3.62
128.95	3.79
129.16	3.61
129.37	3.23
129.49	3.16
129.69	3.43
129.87	3.29
130.05	3.11
130.22	3.48
130.34	3.33
130.47	3.22
130.6	3.58
130.67	3.16
130.82	3.07
131.01	3.13
131.2	3.16
131.83	2.97
132.03	2.94
132.13	2.89
132.33	2.97
132.53	3
132.73	2.83
132.93	2.88
133.13	3
133.33	3.08
133.65	3.09
133.85	3.11
134.05	3.03
134.25	3.17
134.45	3.01
134.65	3.02
134.85	3.15
135.05	3.29
135.15	4.07
135.35	3.81
135.55	3.97
135.75	4.01
135.95	4.01
136.15	4.03
136.35	4.04
136.55	3.88
136.66	3.91
136.86	3.86
137.06	4.07
137.27	3.92
137.48	3.58
137.7	3.72
137.92	3.44
138.13	3.54
138.25	3.44
138.45	3.52
138.84	3.17
139.04	3.05
139.24	2.93
139.44	2.94
139.5	2.85
139.64	2.6
139.69	2.56
139.84	2.78
139.89	2.74
140.08	2.71
140.27	2.75
140.47	2.76
140.57	2.72
140.77	2.62
141.37	3.92
141.77	3.97
141.97	3.78
142.1	3.9
142.3	3.44
142.5	3.54
142.7	3.43
142.9	3.53
143.1	3.24
143.3	3.09
143.63	3.19
144.03	3
144.23	3.11
144.43	3.15
144.83	3.03
145.03	2.92
145.15	3.43
145.35	3.56
145.55	3.59
145.75	3.84
145.95	3.73
146.15	3.74
146.35	3.63
146.55	3.72
146.67	3.76
146.87	3.95
147.02	3.5
147.16	3.37
147.31	3.91
147.32	3.79
147.49	3.49
147.66	3.24
147.83	3.03
148	3.15
148.13	3.56
148.4	3.32
148.55	3.06
148.71	3
148.87	2.93
149.02	2.93
149.18	2.91
149.22	2.9
149.34	3.1
149.42	3.11
149.42	3.11
149.58	3.01
149.62	3.03
149.74	3.39
149.82	3.2
150.02	3.39
150.22	3.31
150.42	3.77
150.62	3.43
150.75	3.39
151.15	3.53
151.35	3.55
151.55	3.49
151.75	3.6
151.95	3.44
152.45	3.75
153.12	3.34
153.25	3.5
153.34	3.54
153.54	3.68
153.59	3.71
153.74	3.3
153.94	3.48
154.14	3.23
154.34	2.78
154.44	2.99
154.64	2.81
154.84	2.93
155.04	2.7
155.25	2.71
155.44	2.82
155.64	2.88
155.84	3.22
155.96	3.4
156.16	3.3
156.36	3.38
156.56	3.33
156.76	3.5
156.96	3.8
157.02	3.52
157.22	3.27
157.42	3.62
157.61	3.83
157.81	3.53
158.01	3.84
158.18	3.59
158.35	3.81
158.9	3.49
159.15	3.25
159.41	2.65
159.66	2.93
159.92	2.96
160.18	2.93
160.37	3.06
160.57	2.92
160.78	2.88
160.98	3.02
161.19	3.08
161.66	3.2
162.18	3.34
162.67	3.47
162.77	3.31
162.77	3.7
162.93	3.71
163.08	3.73
163.24	3.8
163.39	3.78
163.5	4.08
163.59	3.88
163.7	3.77
163.88	3.79
164.1	3.39
164.3	3.79
164.5	3.45
164.6	3.48
164.7	3.24
164.9	3.02
165.23	3.38
165.43	3.29
165.63	3.22
165.83	3.14
166.03	3.2
166.23	2.84
