0	3.23000000000000	0.0300000000000000
0.200000000000000	3.23000000000000	0.0320000000000000
0.400000000000000	3.23000000000000	0.0340000000000000
0.600000000000000	3.23000000000000	0.0360000000000000
0.800000000000000	3.23000000000000	0.0380000000000000
1	3.23000000000000	0.0400000000000000
1.20000000000000	3.22000000000000	0.0380000000000000
1.40000000000000	3.21000000000000	0.0360000000000000
1.60000000000000	3.20000000000000	0.0340000000000000
1.80000000000000	3.19000000000000	0.0320000000000000
2	3.18000000000000	0.0300000000000000
2.20000000000000	3.20200000000000	0.0300000000000000
2.40000000000000	3.22400000000000	0.0300000000000000
2.60000000000000	3.24600000000000	0.0300000000000000
2.80000000000000	3.26800000000000	0.0300000000000000
3	3.29000000000000	0.0300000000000000
3.20000000000000	3.29200000000000	0.0300000000000000
3.40000000000000	3.29400000000000	0.0300000000000000
3.60000000000000	3.29600000000000	0.0300000000000000
3.80000000000000	3.29800000000000	0.0300000000000000
4	3.30000000000000	0.0300000000000000
4.20000000000000	3.29200000000000	0.0300000000000000
4.40000000000000	3.28400000000000	0.0300000000000000
4.60000000000000	3.27600000000000	0.0300000000000000
4.80000000000000	3.26800000000000	0.0300000000000000
5	3.26000000000000	0.0300000000000000
5.20000000000000	3.27400000000000	0.0320000000000000
5.40000000000000	3.28800000000000	0.0340000000000000
5.60000000000000	3.30200000000000	0.0360000000000000
5.80000000000000	3.31600000000000	0.0380000000000000
6	3.33000000000000	0.0400000000000000
6.20000000000000	3.33800000000000	0.0400000000000000
6.40000000000000	3.34600000000000	0.0400000000000000
6.60000000000000	3.35400000000000	0.0400000000000000
6.80000000000000	3.36200000000000	0.0400000000000000
7	3.37000000000000	0.0400000000000000
7.20000000000000	3.38000000000000	0.0380000000000000
7.40000000000000	3.39000000000000	0.0360000000000000
7.60000000000000	3.40000000000000	0.0340000000000000
7.80000000000000	3.41000000000000	0.0320000000000000
8	3.42000000000000	0.0300000000000000
8.20000000000000	3.41200000000000	0.0320000000000000
8.40000000000000	3.40400000000000	0.0340000000000000
8.60000000000000	3.39600000000000	0.0360000000000000
8.80000000000000	3.38800000000000	0.0380000000000000
9	3.38000000000000	0.0400000000000000
9.20000000000000	3.40800000000000	0.0400000000000000
9.40000000000000	3.43600000000000	0.0400000000000000
9.60000000000000	3.46400000000000	0.0400000000000000
9.80000000000000	3.49200000000000	0.0400000000000000
10	3.52000000000000	0.0400000000000000
10.2000000000000	3.53600000000000	0.0400000000000000
10.4000000000000	3.55200000000000	0.0400000000000000
10.6000000000000	3.56800000000000	0.0400000000000000
10.8000000000000	3.58400000000000	0.0400000000000000
11	3.60000000000000	0.0400000000000000
11.2000000000000	3.66400000000000	0.0420000000000000
11.4000000000000	3.72800000000000	0.0440000000000000
11.6000000000000	3.79200000000000	0.0460000000000000
11.8000000000000	3.85600000000000	0.0480000000000000
12	3.92000000000000	0.0500000000000000
12.2000000000000	3.94800000000000	0.0480000000000000
12.4000000000000	3.97600000000000	0.0460000000000000
12.6000000000000	4.00400000000000	0.0440000000000000
12.8000000000000	4.03200000000000	0.0420000000000000
13	4.06000000000000	0.0400000000000000
13.2000000000000	4.10400000000000	0.0380000000000000
13.4000000000000	4.14800000000000	0.0360000000000000
13.6000000000000	4.19200000000000	0.0340000000000000
13.8000000000000	4.23600000000000	0.0320000000000000
14	4.28000000000000	0.0300000000000000
14.2000000000000	4.32200000000000	0.0320000000000000
14.4000000000000	4.36400000000000	0.0340000000000000
14.6000000000000	4.40600000000000	0.0360000000000000
14.8000000000000	4.44800000000000	0.0380000000000000
15	4.49000000000000	0.0400000000000000
15.2000000000000	4.54200000000000	0.0380000000000000
15.4000000000000	4.59400000000000	0.0360000000000000
15.6000000000000	4.64600000000000	0.0340000000000000
15.8000000000000	4.69800000000000	0.0320000000000000
16	4.75000000000000	0.0300000000000000
16.2000000000000	4.77600000000000	0.0320000000000000
16.4000000000000	4.80200000000000	0.0340000000000000
16.6000000000000	4.82800000000000	0.0360000000000000
16.8000000000000	4.85400000000000	0.0380000000000000
17	4.88000000000000	0.0400000000000000
17.2000000000000	4.90800000000000	0.0380000000000000
17.4000000000000	4.93600000000000	0.0360000000000000
17.6000000000000	4.96400000000000	0.0340000000000000
17.8000000000000	4.99200000000000	0.0320000000000000
18	5.02000000000000	0.0300000000000000
18.2000000000000	5.00800000000000	0.0300000000000000
18.4000000000000	4.99600000000000	0.0300000000000000
18.6000000000000	4.98400000000000	0.0300000000000000
18.8000000000000	4.97200000000000	0.0300000000000000
19	4.96000000000000	0.0300000000000000
19.2000000000000	4.96600000000000	0.0320000000000000
19.4000000000000	4.97200000000000	0.0340000000000000
19.6000000000000	4.97800000000000	0.0360000000000000
19.8000000000000	4.98400000000000	0.0380000000000000
20	4.99000000000000	0.0400000000000000
20.2000000000000	4.97400000000000	0.0380000000000000
20.4000000000000	4.95800000000000	0.0360000000000000
20.6000000000000	4.94200000000000	0.0340000000000000
20.8000000000000	4.92600000000000	0.0320000000000000
21	4.91000000000000	0.0300000000000000
21.2000000000000	4.90400000000000	0.0300000000000000
21.4000000000000	4.89800000000000	0.0300000000000000
21.6000000000000	4.89200000000000	0.0300000000000000
21.8000000000000	4.88600000000000	0.0300000000000000
22	4.88000000000000	0.0300000000000000
22.2000000000000	4.87600000000000	0.0300000000000000
22.4000000000000	4.87200000000000	0.0300000000000000
22.6000000000000	4.86800000000000	0.0300000000000000
22.8000000000000	4.86400000000000	0.0300000000000000
23	4.86000000000000	0.0300000000000000
23.2000000000000	4.85000000000000	0.0320000000000000
23.4000000000000	4.84000000000000	0.0340000000000000
23.6000000000000	4.83000000000000	0.0360000000000000
23.8000000000000	4.82000000000000	0.0380000000000000
24	4.81000000000000	0.0400000000000000
24.2000000000000	4.81200000000000	0.0360000000000000
24.4000000000000	4.81400000000000	0.0320000000000000
24.6000000000000	4.81600000000000	0.0280000000000000
24.8000000000000	4.81800000000000	0.0240000000000000
25	4.82000000000000	0.0200000000000000
25.2000000000000	4.79000000000000	0.0240000000000000
25.4000000000000	4.76000000000000	0.0280000000000000
25.6000000000000	4.73000000000000	0.0320000000000000
25.8000000000000	4.70000000000000	0.0360000000000000
26	4.67000000000000	0.0400000000000000
26.2000000000000	4.68600000000000	0.0400000000000000
26.4000000000000	4.70200000000000	0.0400000000000000
26.6000000000000	4.71800000000000	0.0400000000000000
26.8000000000000	4.73400000000000	0.0400000000000000
27	4.75000000000000	0.0400000000000000
27.2000000000000	4.75000000000000	0.0380000000000000
27.4000000000000	4.75000000000000	0.0360000000000000
27.6000000000000	4.75000000000000	0.0340000000000000
27.8000000000000	4.75000000000000	0.0320000000000000
28	4.75000000000000	0.0300000000000000
28.2000000000000	4.74600000000000	0.0300000000000000
28.4000000000000	4.74200000000000	0.0300000000000000
28.6000000000000	4.73800000000000	0.0300000000000000
28.8000000000000	4.73400000000000	0.0300000000000000
29	4.73000000000000	0.0300000000000000
29.2000000000000	4.70800000000000	0.0320000000000000
29.4000000000000	4.68600000000000	0.0340000000000000
29.6000000000000	4.66400000000000	0.0360000000000000
29.8000000000000	4.64200000000000	0.0380000000000000
30	4.62000000000000	0.0400000000000000
30.2000000000000	4.62000000000000	0.0380000000000000
30.4000000000000	4.62000000000000	0.0360000000000000
30.6000000000000	4.62000000000000	0.0340000000000000
30.8000000000000	4.62000000000000	0.0320000000000000
31	4.62000000000000	0.0300000000000000
31.2000000000000	4.61600000000000	0.0300000000000000
31.4000000000000	4.61200000000000	0.0300000000000000
31.6000000000000	4.60800000000000	0.0300000000000000
31.8000000000000	4.60400000000000	0.0300000000000000
32	4.60000000000000	0.0300000000000000
32.2000000000000	4.59600000000000	0.0300000000000000
32.4000000000000	4.59200000000000	0.0300000000000000
32.6000000000000	4.58800000000000	0.0300000000000000
32.8000000000000	4.58400000000000	0.0300000000000000
33	4.58000000000000	0.0300000000000000
33.2000000000000	4.58200000000000	0.0300000000000000
33.4000000000000	4.58400000000000	0.0300000000000000
33.6000000000000	4.58600000000000	0.0300000000000000
33.8000000000000	4.58800000000000	0.0300000000000000
34	4.59000000000000	0.0300000000000000
34.2000000000000	4.58000000000000	0.0280000000000000
34.4000000000000	4.57000000000000	0.0260000000000000
34.6000000000000	4.56000000000000	0.0240000000000000
34.8000000000000	4.55000000000000	0.0220000000000000
35	4.54000000000000	0.0200000000000000
35.2000000000000	4.52200000000000	0.0220000000000000
35.4000000000000	4.50400000000000	0.0240000000000000
35.6000000000000	4.48600000000000	0.0260000000000000
35.8000000000000	4.46800000000000	0.0280000000000000
36	4.45000000000000	0.0300000000000000
36.2000000000000	4.45200000000000	0.0300000000000000
36.4000000000000	4.45400000000000	0.0300000000000000
36.6000000000000	4.45600000000000	0.0300000000000000
36.8000000000000	4.45800000000000	0.0300000000000000
37	4.46000000000000	0.0300000000000000
37.2000000000000	4.45000000000000	0.0300000000000000
37.4000000000000	4.44000000000000	0.0300000000000000
37.6000000000000	4.43000000000000	0.0300000000000000
37.8000000000000	4.42000000000000	0.0300000000000000
38	4.41000000000000	0.0300000000000000
38.2000000000000	4.43800000000000	0.0300000000000000
38.4000000000000	4.46600000000000	0.0300000000000000
38.6000000000000	4.49400000000000	0.0300000000000000
38.8000000000000	4.52200000000000	0.0300000000000000
39	4.55000000000000	0.0300000000000000
39.2000000000000	4.55000000000000	0.0300000000000000
39.4000000000000	4.55000000000000	0.0300000000000000
39.6000000000000	4.55000000000000	0.0300000000000000
39.8000000000000	4.55000000000000	0.0300000000000000
40	4.55000000000000	0.0300000000000000
40.2000000000000	4.54200000000000	0.0340000000000000
40.4000000000000	4.53400000000000	0.0380000000000000
40.6000000000000	4.52600000000000	0.0420000000000000
40.8000000000000	4.51800000000000	0.0460000000000000
41	4.51000000000000	0.0500000000000000
41.2000000000000	4.50800000000000	0.0460000000000000
41.4000000000000	4.50600000000000	0.0420000000000000
41.6000000000000	4.50400000000000	0.0380000000000000
41.8000000000000	4.50200000000000	0.0340000000000000
42	4.50000000000000	0.0300000000000000
42.2000000000000	4.49200000000000	0.0320000000000000
42.4000000000000	4.48400000000000	0.0340000000000000
42.6000000000000	4.47600000000000	0.0360000000000000
42.8000000000000	4.46800000000000	0.0380000000000000
43	4.46000000000000	0.0400000000000000
43.2000000000000	4.46400000000000	0.0380000000000000
43.4000000000000	4.46800000000000	0.0360000000000000
43.6000000000000	4.47200000000000	0.0340000000000000
43.8000000000000	4.47600000000000	0.0320000000000000
44	4.48000000000000	0.0300000000000000
44.2000000000000	4.45000000000000	0.0320000000000000
44.4000000000000	4.42000000000000	0.0340000000000000
44.6000000000000	4.39000000000000	0.0360000000000000
44.8000000000000	4.36000000000000	0.0380000000000000
45	4.33000000000000	0.0400000000000000
45.2000000000000	4.33600000000000	0.0420000000000000
45.4000000000000	4.34200000000000	0.0440000000000000
45.6000000000000	4.34800000000000	0.0460000000000000
45.8000000000000	4.35400000000000	0.0480000000000000
46	4.36000000000000	0.0500000000000000
46.2000000000000	4.36400000000000	0.0480000000000000
46.4000000000000	4.36800000000000	0.0460000000000000
46.6000000000000	4.37200000000000	0.0440000000000000
46.8000000000000	4.37600000000000	0.0420000000000000
47	4.38000000000000	0.0400000000000000
47.2000000000000	4.39400000000000	0.0400000000000000
47.4000000000000	4.40800000000000	0.0400000000000000
47.6000000000000	4.42200000000000	0.0400000000000000
47.8000000000000	4.43600000000000	0.0400000000000000
48	4.45000000000000	0.0400000000000000
48.2000000000000	4.45200000000000	0.0380000000000000
48.4000000000000	4.45400000000000	0.0360000000000000
48.6000000000000	4.45600000000000	0.0340000000000000
48.8000000000000	4.45800000000000	0.0320000000000000
49	4.46000000000000	0.0300000000000000
49.2000000000000	4.43600000000000	0.0320000000000000
49.4000000000000	4.41200000000000	0.0340000000000000
49.6000000000000	4.38800000000000	0.0360000000000000
49.8000000000000	4.36400000000000	0.0380000000000000
50	4.34000000000000	0.0400000000000000
50.2000000000000	4.33800000000000	0.0420000000000000
50.4000000000000	4.33600000000000	0.0440000000000000
50.6000000000000	4.33400000000000	0.0460000000000000
50.8000000000000	4.33200000000000	0.0480000000000000
51	4.33000000000000	0.0500000000000000
51.2000000000000	4.32600000000000	0.0480000000000000
51.4000000000000	4.32200000000000	0.0460000000000000
51.6000000000000	4.31800000000000	0.0440000000000000
51.8000000000000	4.31400000000000	0.0420000000000000
52	4.31000000000000	0.0400000000000000
52.2000000000000	4.33600000000000	0.0380000000000000
52.4000000000000	4.36200000000000	0.0360000000000000
52.6000000000000	4.38800000000000	0.0340000000000000
52.8000000000000	4.41400000000000	0.0320000000000000
53	4.44000000000000	0.0300000000000000
53.2000000000000	4.42800000000000	0.0320000000000000
53.4000000000000	4.41600000000000	0.0340000000000000
53.6000000000000	4.40400000000000	0.0360000000000000
53.8000000000000	4.39200000000000	0.0380000000000000
54	4.38000000000000	0.0400000000000000
54.2000000000000	4.36600000000000	0.0380000000000000
54.4000000000000	4.35200000000000	0.0360000000000000
54.6000000000000	4.33800000000000	0.0340000000000000
54.8000000000000	4.32400000000000	0.0320000000000000
55	4.31000000000000	0.0300000000000000
55.2000000000000	4.31800000000000	0.0320000000000000
55.4000000000000	4.32600000000000	0.0340000000000000
55.6000000000000	4.33400000000000	0.0360000000000000
55.8000000000000	4.34200000000000	0.0380000000000000
56	4.35000000000000	0.0400000000000000
56.2000000000000	4.36600000000000	0.0400000000000000
56.4000000000000	4.38200000000000	0.0400000000000000
56.6000000000000	4.39800000000000	0.0400000000000000
56.8000000000000	4.41400000000000	0.0400000000000000
57	4.43000000000000	0.0400000000000000
57.2000000000000	4.44200000000000	0.0440000000000000
57.4000000000000	4.45400000000000	0.0480000000000000
57.6000000000000	4.46600000000000	0.0520000000000000
57.8000000000000	4.47800000000000	0.0560000000000000
58	4.49000000000000	0.0600000000000000
58.2000000000000	4.47800000000000	0.0560000000000000
58.4000000000000	4.46600000000000	0.0520000000000000
58.6000000000000	4.45400000000000	0.0480000000000000
58.8000000000000	4.44200000000000	0.0440000000000000
59	4.43000000000000	0.0400000000000000
59.2000000000000	4.46400000000000	0.0400000000000000
59.4000000000000	4.49800000000000	0.0400000000000000
59.6000000000000	4.53200000000000	0.0400000000000000
59.8000000000000	4.56600000000000	0.0400000000000000
60	4.60000000000000	0.0400000000000000
60.2000000000000	4.58200000000000	0.0420000000000000
60.4000000000000	4.56400000000000	0.0440000000000000
60.6000000000000	4.54600000000000	0.0460000000000000
60.8000000000000	4.52800000000000	0.0480000000000000
61	4.51000000000000	0.0500000000000000
61.2000000000000	4.52800000000000	0.0480000000000000
61.4000000000000	4.54600000000000	0.0460000000000000
61.6000000000000	4.56400000000000	0.0440000000000000
61.8000000000000	4.58200000000000	0.0420000000000000
62	4.60000000000000	0.0400000000000000
62.2000000000000	4.58600000000000	0.0400000000000000
62.4000000000000	4.57200000000000	0.0400000000000000
62.6000000000000	4.55800000000000	0.0400000000000000
62.8000000000000	4.54400000000000	0.0400000000000000
63	4.53000000000000	0.0400000000000000
63.2000000000000	4.49600000000000	0.0440000000000000
63.4000000000000	4.46200000000000	0.0480000000000000
63.6000000000000	4.42800000000000	0.0520000000000000
63.8000000000000	4.39400000000000	0.0560000000000000
64	4.36000000000000	0.0600000000000000
64.2000000000000	4.38400000000000	0.0580000000000000
64.4000000000000	4.40800000000000	0.0560000000000000
64.6000000000000	4.43200000000000	0.0540000000000000
64.8000000000000	4.45600000000000	0.0520000000000000
65	4.48000000000000	0.0500000000000000
65.2000000000000	4.49800000000000	0.0480000000000000
65.4000000000000	4.51600000000000	0.0460000000000000
65.6000000000000	4.53400000000000	0.0440000000000000
65.8000000000000	4.55200000000000	0.0420000000000000
66	4.57000000000000	0.0400000000000000
66.2000000000000	4.54400000000000	0.0420000000000000
66.4000000000000	4.51800000000000	0.0440000000000000
66.6000000000000	4.49200000000000	0.0460000000000000
66.8000000000000	4.46600000000000	0.0480000000000000
67	4.44000000000000	0.0500000000000000
67.2000000000000	4.43600000000000	0.0520000000000000
67.4000000000000	4.43200000000000	0.0540000000000000
67.6000000000000	4.42800000000000	0.0560000000000000
67.8000000000000	4.42400000000000	0.0580000000000000
68	4.42000000000000	0.0600000000000000
68.2000000000000	4.43000000000000	0.0580000000000000
68.4000000000000	4.44000000000000	0.0560000000000000
68.6000000000000	4.45000000000000	0.0540000000000000
68.8000000000000	4.46000000000000	0.0520000000000000
69	4.47000000000000	0.0500000000000000
69.2000000000000	4.44000000000000	0.0480000000000000
69.4000000000000	4.41000000000000	0.0460000000000000
69.6000000000000	4.38000000000000	0.0440000000000000
69.8000000000000	4.35000000000000	0.0420000000000000
70	4.32000000000000	0.0400000000000000
70.2000000000000	4.30000000000000	0.0420000000000000
70.4000000000000	4.28000000000000	0.0440000000000000
70.6000000000000	4.26000000000000	0.0460000000000000
70.8000000000000	4.24000000000000	0.0480000000000000
71	4.22000000000000	0.0500000000000000
71.2000000000000	4.21800000000000	0.0480000000000000
71.4000000000000	4.21600000000000	0.0460000000000000
71.6000000000000	4.21400000000000	0.0440000000000000
71.8000000000000	4.21200000000000	0.0420000000000000
72	4.21000000000000	0.0400000000000000
72.2000000000000	4.21400000000000	0.0400000000000000
72.4000000000000	4.21800000000000	0.0400000000000000
72.6000000000000	4.22200000000000	0.0400000000000000
72.8000000000000	4.22600000000000	0.0400000000000000
73	4.23000000000000	0.0400000000000000
73.2000000000000	4.19000000000000	0.0400000000000000
73.4000000000000	4.15000000000000	0.0400000000000000
73.6000000000000	4.11000000000000	0.0400000000000000
73.8000000000000	4.07000000000000	0.0400000000000000
74	4.03000000000000	0.0400000000000000
74.2000000000000	4.01400000000000	0.0400000000000000
74.4000000000000	3.99800000000000	0.0400000000000000
74.6000000000000	3.98200000000000	0.0400000000000000
74.8000000000000	3.96600000000000	0.0400000000000000
75	3.95000000000000	0.0400000000000000
75.2000000000000	3.97200000000000	0.0400000000000000
75.4000000000000	3.99400000000000	0.0400000000000000
75.6000000000000	4.01600000000000	0.0400000000000000
75.8000000000000	4.03800000000000	0.0400000000000000
76	4.06000000000000	0.0400000000000000
76.2000000000000	4.06400000000000	0.0420000000000000
76.4000000000000	4.06800000000000	0.0440000000000000
76.6000000000000	4.07200000000000	0.0460000000000000
76.8000000000000	4.07600000000000	0.0480000000000000
77	4.08000000000000	0.0500000000000000
77.2000000000000	4.07400000000000	0.0460000000000000
77.4000000000000	4.06800000000000	0.0420000000000000
77.6000000000000	4.06200000000000	0.0380000000000000
77.8000000000000	4.05600000000000	0.0340000000000000
78	4.05000000000000	0.0300000000000000
78.2000000000000	4.05000000000000	0.0340000000000000
78.4000000000000	4.05000000000000	0.0380000000000000
78.6000000000000	4.05000000000000	0.0420000000000000
78.8000000000000	4.05000000000000	0.0460000000000000
79	4.05000000000000	0.0500000000000000
79.2000000000000	4.02000000000000	0.0480000000000000
79.4000000000000	3.99000000000000	0.0460000000000000
79.6000000000000	3.96000000000000	0.0440000000000000
79.8000000000000	3.93000000000000	0.0420000000000000
80	3.90000000000000	0.0400000000000000
80.2000000000000	3.88400000000000	0.0400000000000000
80.4000000000000	3.86800000000000	0.0400000000000000
80.6000000000000	3.85200000000000	0.0400000000000000
80.8000000000000	3.83600000000000	0.0400000000000000
81	3.82000000000000	0.0400000000000000
81.2000000000000	3.81600000000000	0.0400000000000000
81.4000000000000	3.81200000000000	0.0400000000000000
81.6000000000000	3.80800000000000	0.0400000000000000
81.8000000000000	3.80400000000000	0.0400000000000000
82	3.80000000000000	0.0400000000000000
82.2000000000000	3.80600000000000	0.0400000000000000
82.4000000000000	3.81200000000000	0.0400000000000000
82.6000000000000	3.81800000000000	0.0400000000000000
82.8000000000000	3.82400000000000	0.0400000000000000
83	3.83000000000000	0.0400000000000000
83.2000000000000	3.82800000000000	0.0400000000000000
83.4000000000000	3.82600000000000	0.0400000000000000
83.6000000000000	3.82400000000000	0.0400000000000000
83.8000000000000	3.82200000000000	0.0400000000000000
84	3.82000000000000	0.0400000000000000
84.2000000000000	3.84600000000000	0.0440000000000000
84.4000000000000	3.87200000000000	0.0480000000000000
84.6000000000000	3.89800000000000	0.0520000000000000
84.8000000000000	3.92400000000000	0.0560000000000000
85	3.95000000000000	0.0600000000000000
85.2000000000000	3.97200000000000	0.0580000000000000
85.4000000000000	3.99400000000000	0.0560000000000000
85.6000000000000	4.01600000000000	0.0540000000000000
85.8000000000000	4.03800000000000	0.0520000000000000
86	4.06000000000000	0.0500000000000000
86.2000000000000	4.08400000000000	0.0500000000000000
86.4000000000000	4.10800000000000	0.0500000000000000
86.6000000000000	4.13200000000000	0.0500000000000000
86.8000000000000	4.15600000000000	0.0500000000000000
87	4.18000000000000	0.0500000000000000
87.2000000000000	4.16600000000000	0.0500000000000000
87.4000000000000	4.15200000000000	0.0500000000000000
87.6000000000000	4.13800000000000	0.0500000000000000
87.8000000000000	4.12400000000000	0.0500000000000000
88	4.11000000000000	0.0500000000000000
88.2000000000000	4.10400000000000	0.0480000000000000
88.4000000000000	4.09800000000000	0.0460000000000000
88.6000000000000	4.09200000000000	0.0440000000000000
88.8000000000000	4.08600000000000	0.0420000000000000
89	4.08000000000000	0.0400000000000000
89.2000000000000	4.07600000000000	0.0420000000000000
89.4000000000000	4.07200000000000	0.0440000000000000
89.6000000000000	4.06800000000000	0.0460000000000000
89.8000000000000	4.06400000000000	0.0480000000000000
90	4.06000000000000	0.0500000000000000
90.2000000000000	4.05400000000000	0.0480000000000000
90.4000000000000	4.04800000000000	0.0460000000000000
90.6000000000000	4.04200000000000	0.0440000000000000
90.8000000000000	4.03600000000000	0.0420000000000000
91	4.03000000000000	0.0400000000000000
91.2000000000000	4.02000000000000	0.0400000000000000
91.4000000000000	4.01000000000000	0.0400000000000000
91.6000000000000	4	0.0400000000000000
91.8000000000000	3.99000000000000	0.0400000000000000
92	3.98000000000000	0.0400000000000000
92.2000000000000	3.96400000000000	0.0380000000000000
92.4000000000000	3.94800000000000	0.0360000000000000
92.6000000000000	3.93200000000000	0.0340000000000000
92.8000000000000	3.91600000000000	0.0320000000000000
93	3.90000000000000	0.0300000000000000
93.2000000000000	3.88800000000000	0.0320000000000000
93.4000000000000	3.87600000000000	0.0340000000000000
93.6000000000000	3.86400000000000	0.0360000000000000
93.8000000000000	3.85200000000000	0.0380000000000000
94	3.84000000000000	0.0400000000000000
94.2000000000000	3.82600000000000	0.0420000000000000
94.4000000000000	3.81200000000000	0.0440000000000000
94.6000000000000	3.79800000000000	0.0460000000000000
94.8000000000000	3.78400000000000	0.0480000000000000
95	3.77000000000000	0.0500000000000000
95.2000000000000	3.76600000000000	0.0460000000000000
95.4000000000000	3.76200000000000	0.0420000000000000
95.6000000000000	3.75800000000000	0.0380000000000000
95.8000000000000	3.75400000000000	0.0340000000000000
96	3.75000000000000	0.0300000000000000
96.2000000000000	3.76600000000000	0.0320000000000000
96.4000000000000	3.78200000000000	0.0340000000000000
96.6000000000000	3.79800000000000	0.0360000000000000
96.8000000000000	3.81400000000000	0.0380000000000000
97	3.83000000000000	0.0400000000000000
97.2000000000000	3.84400000000000	0.0400000000000000
97.4000000000000	3.85800000000000	0.0400000000000000
97.6000000000000	3.87200000000000	0.0400000000000000
97.8000000000000	3.88600000000000	0.0400000000000000
98	3.90000000000000	0.0400000000000000
98.2000000000000	3.87600000000000	0.0440000000000000
98.4000000000000	3.85200000000000	0.0480000000000000
98.6000000000000	3.82800000000000	0.0520000000000000
98.8000000000000	3.80400000000000	0.0560000000000000
99	3.78000000000000	0.0600000000000000
99.2000000000000	3.78600000000000	0.0600000000000000
99.4000000000000	3.79200000000000	0.0600000000000000
99.6000000000000	3.79800000000000	0.0600000000000000
99.8000000000000	3.80400000000000	0.0600000000000000
100	3.81000000000000	0.0600000000000000
100.200000000000	3.83200000000000	0.0580000000000000
100.400000000000	3.85400000000000	0.0560000000000000
100.600000000000	3.87600000000000	0.0540000000000000
100.800000000000	3.89800000000000	0.0520000000000000
101	3.92000000000000	0.0500000000000000
101.200000000000	3.90800000000000	0.0500000000000000
101.400000000000	3.89600000000000	0.0500000000000000
101.600000000000	3.88400000000000	0.0500000000000000
101.800000000000	3.87200000000000	0.0500000000000000
102	3.86000000000000	0.0500000000000000
102.200000000000	3.86400000000000	0.0480000000000000
102.400000000000	3.86800000000000	0.0460000000000000
102.600000000000	3.87200000000000	0.0440000000000000
102.800000000000	3.87600000000000	0.0420000000000000
103	3.88000000000000	0.0400000000000000
103.200000000000	3.88800000000000	0.0420000000000000
103.400000000000	3.89600000000000	0.0440000000000000
103.600000000000	3.90400000000000	0.0460000000000000
103.800000000000	3.91200000000000	0.0480000000000000
104	3.92000000000000	0.0500000000000000
104.200000000000	3.90600000000000	0.0520000000000000
104.400000000000	3.89200000000000	0.0540000000000000
104.600000000000	3.87800000000000	0.0560000000000000
104.800000000000	3.86400000000000	0.0580000000000000
105	3.85000000000000	0.0600000000000000
105.200000000000	3.88000000000000	0.0560000000000000
105.400000000000	3.91000000000000	0.0520000000000000
105.600000000000	3.94000000000000	0.0480000000000000
105.800000000000	3.97000000000000	0.0440000000000000
106	4	0.0400000000000000
106.200000000000	4.00800000000000	0.0420000000000000
106.400000000000	4.01600000000000	0.0440000000000000
106.600000000000	4.02400000000000	0.0460000000000000
106.800000000000	4.03200000000000	0.0480000000000000
107	4.04000000000000	0.0500000000000000
107.200000000000	4.05400000000000	0.0480000000000000
107.400000000000	4.06800000000000	0.0460000000000000
107.600000000000	4.08200000000000	0.0440000000000000
107.800000000000	4.09600000000000	0.0420000000000000
108	4.11000000000000	0.0400000000000000
108.200000000000	4.11200000000000	0.0420000000000000
108.400000000000	4.11400000000000	0.0440000000000000
108.600000000000	4.11600000000000	0.0460000000000000
108.800000000000	4.11800000000000	0.0480000000000000
109	4.12000000000000	0.0500000000000000
109.200000000000	4.10400000000000	0.0500000000000000
109.400000000000	4.08800000000000	0.0500000000000000
109.600000000000	4.07200000000000	0.0500000000000000
109.800000000000	4.05600000000000	0.0500000000000000
110	4.04000000000000	0.0500000000000000
110.200000000000	4.03600000000000	0.0500000000000000
110.400000000000	4.03200000000000	0.0500000000000000
110.600000000000	4.02800000000000	0.0500000000000000
110.800000000000	4.02400000000000	0.0500000000000000
111	4.02000000000000	0.0500000000000000
111.200000000000	4.02200000000000	0.0480000000000000
111.400000000000	4.02400000000000	0.0460000000000000
111.600000000000	4.02600000000000	0.0440000000000000
111.800000000000	4.02800000000000	0.0420000000000000
112	4.03000000000000	0.0400000000000000
112.200000000000	4.01000000000000	0.0420000000000000
112.400000000000	3.99000000000000	0.0440000000000000
112.600000000000	3.97000000000000	0.0460000000000000
112.800000000000	3.95000000000000	0.0480000000000000
113	3.93000000000000	0.0500000000000000
113.200000000000	3.90600000000000	0.0500000000000000
113.400000000000	3.88200000000000	0.0500000000000000
113.600000000000	3.85800000000000	0.0500000000000000
113.800000000000	3.83400000000000	0.0500000000000000
114	3.81000000000000	0.0500000000000000
114.200000000000	3.79000000000000	0.0480000000000000
114.400000000000	3.77000000000000	0.0460000000000000
114.600000000000	3.75000000000000	0.0440000000000000
114.800000000000	3.73000000000000	0.0420000000000000
115	3.71000000000000	0.0400000000000000
115.200000000000	3.68400000000000	0.0400000000000000
115.400000000000	3.65800000000000	0.0400000000000000
115.600000000000	3.63200000000000	0.0400000000000000
115.800000000000	3.60600000000000	0.0400000000000000
116	3.58000000000000	0.0400000000000000
116.200000000000	3.57200000000000	0.0420000000000000
116.400000000000	3.56400000000000	0.0440000000000000
116.600000000000	3.55600000000000	0.0460000000000000
116.800000000000	3.54800000000000	0.0480000000000000
117	3.54000000000000	0.0500000000000000
117.200000000000	3.52000000000000	0.0520000000000000
117.400000000000	3.50000000000000	0.0540000000000000
117.600000000000	3.48000000000000	0.0560000000000000
117.800000000000	3.46000000000000	0.0580000000000000
118	3.44000000000000	0.0600000000000000
118.200000000000	3.41200000000000	0.0540000000000000
118.400000000000	3.38400000000000	0.0480000000000000
118.600000000000	3.35600000000000	0.0420000000000000
118.800000000000	3.32800000000000	0.0360000000000000
119	3.30000000000000	0.0300000000000000
119.200000000000	3.29400000000000	0.0320000000000000
119.400000000000	3.28800000000000	0.0340000000000000
119.600000000000	3.28200000000000	0.0360000000000000
119.800000000000	3.27600000000000	0.0380000000000000
120	3.27000000000000	0.0400000000000000
120.200000000000	3.26800000000000	0.0400000000000000
120.400000000000	3.26600000000000	0.0400000000000000
120.600000000000	3.26400000000000	0.0400000000000000
120.800000000000	3.26200000000000	0.0400000000000000
121	3.26000000000000	0.0400000000000000
121.200000000000	3.24400000000000	0.0380000000000000
121.400000000000	3.22800000000000	0.0360000000000000
121.600000000000	3.21200000000000	0.0340000000000000
121.800000000000	3.19600000000000	0.0320000000000000
122	3.18000000000000	0.0300000000000000
122.200000000000	3.16400000000000	0.0340000000000000
122.400000000000	3.14800000000000	0.0380000000000000
122.600000000000	3.13200000000000	0.0420000000000000
122.800000000000	3.11600000000000	0.0460000000000000
123	3.10000000000000	0.0500000000000000
123.200000000000	3.13400000000000	0.0480000000000000
123.400000000000	3.16800000000000	0.0460000000000000
123.600000000000	3.20200000000000	0.0440000000000000
123.800000000000	3.23600000000000	0.0420000000000000
124	3.27000000000000	0.0400000000000000
124.200000000000	3.24400000000000	0.0440000000000000
124.400000000000	3.21800000000000	0.0480000000000000
124.600000000000	3.19200000000000	0.0520000000000000
124.800000000000	3.16600000000000	0.0560000000000000
125	3.14000000000000	0.0600000000000000
125.200000000000	3.14400000000000	0.0560000000000000
125.400000000000	3.14800000000000	0.0520000000000000
125.600000000000	3.15200000000000	0.0480000000000000
125.800000000000	3.15600000000000	0.0440000000000000
126	3.16000000000000	0.0400000000000000
126.200000000000	3.20200000000000	0.0420000000000000
126.400000000000	3.24400000000000	0.0440000000000000
126.600000000000	3.28600000000000	0.0460000000000000
126.800000000000	3.32800000000000	0.0480000000000000
127	3.37000000000000	0.0500000000000000
127.200000000000	3.43800000000000	0.0540000000000000
127.400000000000	3.50600000000000	0.0580000000000000
127.600000000000	3.57400000000000	0.0620000000000000
127.800000000000	3.64200000000000	0.0660000000000000
128	3.71000000000000	0.0700000000000000
128.200000000000	3.74800000000000	0.0720000000000000
128.400000000000	3.78600000000000	0.0740000000000000
128.600000000000	3.82400000000000	0.0760000000000000
128.800000000000	3.86200000000000	0.0780000000000000
129	3.90000000000000	0.0800000000000000
129.200000000000	3.85400000000000	0.0820000000000000
129.400000000000	3.80800000000000	0.0840000000000000
129.600000000000	3.76200000000000	0.0860000000000000
129.800000000000	3.71600000000000	0.0880000000000000
130	3.67000000000000	0.0900000000000000
130.200000000000	3.69800000000000	0.0900000000000000
130.400000000000	3.72600000000000	0.0900000000000000
130.600000000000	3.75400000000000	0.0900000000000000
130.800000000000	3.78200000000000	0.0900000000000000
131	3.81000000000000	0.0900000000000000
131.200000000000	3.88800000000000	0.0840000000000000
131.400000000000	3.96600000000000	0.0780000000000000
131.600000000000	4.04400000000000	0.0720000000000000
131.800000000000	4.12200000000000	0.0660000000000000
132	4.20000000000000	0.0600000000000000
132.200000000000	4.24200000000000	0.0580000000000000
132.400000000000	4.28400000000000	0.0560000000000000
132.600000000000	4.32600000000000	0.0540000000000000
132.800000000000	4.36800000000000	0.0520000000000000
133	4.41000000000000	0.0500000000000000
133.200000000000	4.46800000000000	0.0500000000000000
133.400000000000	4.52600000000000	0.0500000000000000
133.600000000000	4.58400000000000	0.0500000000000000
133.800000000000	4.64200000000000	0.0500000000000000
134	4.70000000000000	0.0500000000000000
134.200000000000	4.73200000000000	0.0480000000000000
134.400000000000	4.76400000000000	0.0460000000000000
134.600000000000	4.79600000000000	0.0440000000000000
134.800000000000	4.82800000000000	0.0420000000000000
135	4.86000000000000	0.0400000000000000
135.200000000000	4.85200000000000	0.0420000000000000
135.400000000000	4.84400000000000	0.0440000000000000
135.600000000000	4.83600000000000	0.0460000000000000
135.800000000000	4.82800000000000	0.0480000000000000
136	4.82000000000000	0.0500000000000000
136.200000000000	4.81600000000000	0.0500000000000000
136.400000000000	4.81200000000000	0.0500000000000000
136.600000000000	4.80800000000000	0.0500000000000000
136.800000000000	4.80400000000000	0.0500000000000000
137	4.80000000000000	0.0500000000000000
137.200000000000	4.81800000000000	0.0480000000000000
137.400000000000	4.83600000000000	0.0460000000000000
137.600000000000	4.85400000000000	0.0440000000000000
137.800000000000	4.87200000000000	0.0420000000000000
138	4.89000000000000	0.0400000000000000
138.200000000000	4.88600000000000	0.0420000000000000
138.400000000000	4.88200000000000	0.0440000000000000
138.600000000000	4.87800000000000	0.0460000000000000
138.800000000000	4.87400000000000	0.0480000000000000
139	4.87000000000000	0.0500000000000000
139.200000000000	4.89200000000000	0.0500000000000000
139.400000000000	4.91400000000000	0.0500000000000000
139.600000000000	4.93600000000000	0.0500000000000000
139.800000000000	4.95800000000000	0.0500000000000000
140	4.98000000000000	0.0500000000000000
140.200000000000	4.94600000000000	0.0500000000000000
140.400000000000	4.91200000000000	0.0500000000000000
140.600000000000	4.87800000000000	0.0500000000000000
140.800000000000	4.84400000000000	0.0500000000000000
141	4.81000000000000	0.0500000000000000
141.200000000000	4.79800000000000	0.0520000000000000
141.400000000000	4.78600000000000	0.0540000000000000
141.600000000000	4.77400000000000	0.0560000000000000
141.800000000000	4.76200000000000	0.0580000000000000
142	4.75000000000000	0.0600000000000000
142.200000000000	4.75600000000000	0.0580000000000000
142.400000000000	4.76200000000000	0.0560000000000000
142.600000000000	4.76800000000000	0.0540000000000000
142.800000000000	4.77400000000000	0.0520000000000000
143	4.78000000000000	0.0500000000000000
143.200000000000	4.78800000000000	0.0500000000000000
143.400000000000	4.79600000000000	0.0500000000000000
143.600000000000	4.80400000000000	0.0500000000000000
143.800000000000	4.81200000000000	0.0500000000000000
144	4.82000000000000	0.0500000000000000
144.200000000000	4.80400000000000	0.0500000000000000
144.400000000000	4.78800000000000	0.0500000000000000
144.600000000000	4.77200000000000	0.0500000000000000
144.800000000000	4.75600000000000	0.0500000000000000
145	4.74000000000000	0.0500000000000000
145.200000000000	4.74600000000000	0.0500000000000000
145.400000000000	4.75200000000000	0.0500000000000000
145.600000000000	4.75800000000000	0.0500000000000000
145.800000000000	4.76400000000000	0.0500000000000000
146	4.77000000000000	0.0500000000000000
146.200000000000	4.78000000000000	0.0500000000000000
146.400000000000	4.79000000000000	0.0500000000000000
146.600000000000	4.80000000000000	0.0500000000000000
146.800000000000	4.81000000000000	0.0500000000000000
147	4.82000000000000	0.0500000000000000
147.200000000000	4.79800000000000	0.0500000000000000
147.400000000000	4.77600000000000	0.0500000000000000
147.600000000000	4.75400000000000	0.0500000000000000
147.800000000000	4.73200000000000	0.0500000000000000
148	4.71000000000000	0.0500000000000000
148.200000000000	4.71800000000000	0.0480000000000000
148.400000000000	4.72600000000000	0.0460000000000000
148.600000000000	4.73400000000000	0.0440000000000000
148.800000000000	4.74200000000000	0.0420000000000000
149	4.75000000000000	0.0400000000000000
149.200000000000	4.75000000000000	0.0440000000000000
149.400000000000	4.75000000000000	0.0480000000000000
149.600000000000	4.75000000000000	0.0520000000000000
149.800000000000	4.75000000000000	0.0560000000000000
150	4.75000000000000	0.0600000000000000
150.200000000000	4.73200000000000	0.0600000000000000
150.400000000000	4.71400000000000	0.0600000000000000
150.600000000000	4.69600000000000	0.0600000000000000
150.800000000000	4.67800000000000	0.0600000000000000
151	4.66000000000000	0.0600000000000000
151.200000000000	4.65600000000000	0.0580000000000000
151.400000000000	4.65200000000000	0.0560000000000000
151.600000000000	4.64800000000000	0.0540000000000000
151.800000000000	4.64400000000000	0.0520000000000000
152	4.64000000000000	0.0500000000000000
152.200000000000	4.63600000000000	0.0480000000000000
152.400000000000	4.63200000000000	0.0460000000000000
152.600000000000	4.62800000000000	0.0440000000000000
152.800000000000	4.62400000000000	0.0420000000000000
153	4.62000000000000	0.0400000000000000
153.200000000000	4.62800000000000	0.0400000000000000
153.400000000000	4.63600000000000	0.0400000000000000
153.600000000000	4.64400000000000	0.0400000000000000
153.800000000000	4.65200000000000	0.0400000000000000
154	4.66000000000000	0.0400000000000000
154.200000000000	4.63000000000000	0.0400000000000000
154.400000000000	4.60000000000000	0.0400000000000000
154.600000000000	4.57000000000000	0.0400000000000000
154.800000000000	4.54000000000000	0.0400000000000000
155	4.51000000000000	0.0400000000000000
155.200000000000	4.56400000000000	0.0400000000000000
155.400000000000	4.61800000000000	0.0400000000000000
155.600000000000	4.67200000000000	0.0400000000000000
155.800000000000	4.72600000000000	0.0400000000000000
156	4.78000000000000	0.0400000000000000
156.200000000000	4.77200000000000	0.0400000000000000
156.400000000000	4.76400000000000	0.0400000000000000
156.600000000000	4.75600000000000	0.0400000000000000
156.800000000000	4.74800000000000	0.0400000000000000
157	4.74000000000000	0.0400000000000000
157.200000000000	4.73000000000000	0.0380000000000000
157.400000000000	4.72000000000000	0.0360000000000000
157.600000000000	4.71000000000000	0.0340000000000000
157.800000000000	4.70000000000000	0.0320000000000000
158	4.69000000000000	0.0300000000000000
158.200000000000	4.68400000000000	0.0340000000000000
158.400000000000	4.67800000000000	0.0380000000000000
158.600000000000	4.67200000000000	0.0420000000000000
158.800000000000	4.66600000000000	0.0460000000000000
159	4.66000000000000	0.0500000000000000
159.200000000000	4.66600000000000	0.0500000000000000
159.400000000000	4.67200000000000	0.0500000000000000
159.600000000000	4.67800000000000	0.0500000000000000
159.800000000000	4.68400000000000	0.0500000000000000
160	4.69000000000000	0.0500000000000000
160.200000000000	4.68200000000000	0.0480000000000000
160.400000000000	4.67400000000000	0.0460000000000000
160.600000000000	4.66600000000000	0.0440000000000000
160.800000000000	4.65800000000000	0.0420000000000000
161	4.65000000000000	0.0400000000000000
161.200000000000	4.65200000000000	0.0420000000000000
161.400000000000	4.65400000000000	0.0440000000000000
161.600000000000	4.65600000000000	0.0460000000000000
161.800000000000	4.65800000000000	0.0480000000000000
162	4.66000000000000	0.0500000000000000
162.200000000000	4.66800000000000	0.0520000000000000
162.400000000000	4.67600000000000	0.0540000000000000
162.600000000000	4.68400000000000	0.0560000000000000
162.800000000000	4.69200000000000	0.0580000000000000
163	4.70000000000000	0.0600000000000000
163.200000000000	4.69600000000000	0.0580000000000000
163.400000000000	4.69200000000000	0.0560000000000000
163.600000000000	4.68800000000000	0.0540000000000000
163.800000000000	4.68400000000000	0.0520000000000000
164	4.68000000000000	0.0500000000000000
164.200000000000	4.68000000000000	0.0500000000000000
164.400000000000	4.68000000000000	0.0500000000000000
164.600000000000	4.68000000000000	0.0500000000000000
164.800000000000	4.68000000000000	0.0500000000000000
165	4.68000000000000	0.0500000000000000
165.200000000000	4.64000000000000	0.0480000000000000
165.400000000000	4.60000000000000	0.0460000000000000
165.600000000000	4.56000000000000	0.0440000000000000
165.800000000000	4.52000000000000	0.0420000000000000
166	4.48000000000000	0.0400000000000000
166.200000000000	4.46600000000000	0.0440000000000000
166.400000000000	4.45200000000000	0.0480000000000000
166.600000000000	4.43800000000000	0.0520000000000000
166.800000000000	4.42400000000000	0.0560000000000000
167	4.41000000000000	0.0600000000000000
167.200000000000	4.42400000000000	0.0560000000000000
167.400000000000	4.43800000000000	0.0520000000000000
167.600000000000	4.45200000000000	0.0480000000000000
167.800000000000	4.46600000000000	0.0440000000000000
168	4.48000000000000	0.0400000000000000
168.200000000000	4.48400000000000	0.0400000000000000
168.400000000000	4.48800000000000	0.0400000000000000
168.600000000000	4.49200000000000	0.0400000000000000
168.800000000000	4.49600000000000	0.0400000000000000
169	4.50000000000000	0.0400000000000000
169.200000000000	4.50000000000000	0.0380000000000000
169.400000000000	4.50000000000000	0.0360000000000000
169.600000000000	4.50000000000000	0.0340000000000000
169.800000000000	4.50000000000000	0.0320000000000000
170	4.50000000000000	0.0300000000000000
170.200000000000	4.50600000000000	0.0320000000000000
170.400000000000	4.51200000000000	0.0340000000000000
170.600000000000	4.51800000000000	0.0360000000000000
170.800000000000	4.52400000000000	0.0380000000000000
171	4.53000000000000	0.0400000000000000
171.200000000000	4.51600000000000	0.0380000000000000
171.400000000000	4.50200000000000	0.0360000000000000
171.600000000000	4.48800000000000	0.0340000000000000
171.800000000000	4.47400000000000	0.0320000000000000
172	4.46000000000000	0.0300000000000000
172.200000000000	4.44400000000000	0.0300000000000000
172.400000000000	4.42800000000000	0.0300000000000000
172.600000000000	4.41200000000000	0.0300000000000000
172.800000000000	4.39600000000000	0.0300000000000000
173	4.38000000000000	0.0300000000000000
173.200000000000	4.36000000000000	0.0320000000000000
173.400000000000	4.34000000000000	0.0340000000000000
173.600000000000	4.32000000000000	0.0360000000000000
173.800000000000	4.30000000000000	0.0380000000000000
174	4.28000000000000	0.0400000000000000
174.200000000000	4.28800000000000	0.0420000000000000
174.400000000000	4.29600000000000	0.0440000000000000
174.600000000000	4.30400000000000	0.0460000000000000
174.800000000000	4.31200000000000	0.0480000000000000
175	4.32000000000000	0.0500000000000000
175.200000000000	4.33400000000000	0.0480000000000000
175.400000000000	4.34800000000000	0.0460000000000000
175.600000000000	4.36200000000000	0.0440000000000000
175.800000000000	4.37600000000000	0.0420000000000000
176	4.39000000000000	0.0400000000000000
176.200000000000	4.40400000000000	0.0400000000000000
176.400000000000	4.41800000000000	0.0400000000000000
176.600000000000	4.43200000000000	0.0400000000000000
176.800000000000	4.44600000000000	0.0400000000000000
177	4.46000000000000	0.0400000000000000
177.200000000000	4.45600000000000	0.0380000000000000
177.400000000000	4.45200000000000	0.0360000000000000
177.600000000000	4.44800000000000	0.0340000000000000
177.800000000000	4.44400000000000	0.0320000000000000
178	4.44000000000000	0.0300000000000000
178.200000000000	4.44800000000000	0.0340000000000000
178.400000000000	4.45600000000000	0.0380000000000000
178.600000000000	4.46400000000000	0.0420000000000000
178.800000000000	4.47200000000000	0.0460000000000000
179	4.48000000000000	0.0500000000000000
179.200000000000	4.46200000000000	0.0520000000000000
179.400000000000	4.44400000000000	0.0540000000000000
179.600000000000	4.42600000000000	0.0560000000000000
179.800000000000	4.40800000000000	0.0580000000000000
180	4.39000000000000	0.0600000000000000
180.200000000000	4.40400000000000	0.0540000000000000
180.400000000000	4.41800000000000	0.0480000000000000
180.600000000000	4.43200000000000	0.0420000000000000
180.800000000000	4.44600000000000	0.0360000000000000
181	4.46000000000000	0.0300000000000000
181.200000000000	4.46400000000000	0.0340000000000000
181.400000000000	4.46800000000000	0.0380000000000000
181.600000000000	4.47200000000000	0.0420000000000000
181.800000000000	4.47600000000000	0.0460000000000000
182	4.48000000000000	0.0500000000000000
182.200000000000	4.45800000000000	0.0480000000000000
182.400000000000	4.43600000000000	0.0460000000000000
182.600000000000	4.41400000000000	0.0440000000000000
182.800000000000	4.39200000000000	0.0420000000000000
183	4.37000000000000	0.0400000000000000
183.200000000000	4.37600000000000	0.0440000000000000
183.400000000000	4.38200000000000	0.0480000000000000
183.600000000000	4.38800000000000	0.0520000000000000
183.800000000000	4.39400000000000	0.0560000000000000
184	4.40000000000000	0.0600000000000000
184.200000000000	4.43800000000000	0.0600000000000000
184.400000000000	4.47600000000000	0.0600000000000000
184.600000000000	4.51400000000000	0.0600000000000000
184.800000000000	4.55200000000000	0.0600000000000000
185	4.59000000000000	0.0600000000000000
185.200000000000	4.56600000000000	0.0560000000000000
185.400000000000	4.54200000000000	0.0520000000000000
185.600000000000	4.51800000000000	0.0480000000000000
185.800000000000	4.49400000000000	0.0440000000000000
186	4.47000000000000	0.0400000000000000
186.200000000000	4.45600000000000	0.0420000000000000
186.400000000000	4.44200000000000	0.0440000000000000
186.600000000000	4.42800000000000	0.0460000000000000
186.800000000000	4.41400000000000	0.0480000000000000
187	4.40000000000000	0.0500000000000000
187.200000000000	4.41200000000000	0.0500000000000000
187.400000000000	4.42400000000000	0.0500000000000000
187.600000000000	4.43600000000000	0.0500000000000000
187.800000000000	4.44800000000000	0.0500000000000000
188	4.46000000000000	0.0500000000000000
188.200000000000	4.44600000000000	0.0480000000000000
188.400000000000	4.43200000000000	0.0460000000000000
188.600000000000	4.41800000000000	0.0440000000000000
188.800000000000	4.40400000000000	0.0420000000000000
189	4.39000000000000	0.0400000000000000
189.200000000000	4.36800000000000	0.0420000000000000
189.400000000000	4.34600000000000	0.0440000000000000
189.600000000000	4.32400000000000	0.0460000000000000
189.800000000000	4.30200000000000	0.0480000000000000
190	4.28000000000000	0.0500000000000000
190.200000000000	4.25000000000000	0.0500000000000000
190.400000000000	4.22000000000000	0.0500000000000000
190.600000000000	4.19000000000000	0.0500000000000000
190.800000000000	4.16000000000000	0.0500000000000000
191	4.13000000000000	0.0500000000000000
191.200000000000	4.05600000000000	0.0500000000000000
191.400000000000	3.98200000000000	0.0500000000000000
191.600000000000	3.90800000000000	0.0500000000000000
191.800000000000	3.83400000000000	0.0500000000000000
192	3.76000000000000	0.0500000000000000
192.200000000000	3.79200000000000	0.0500000000000000
192.400000000000	3.82400000000000	0.0500000000000000
192.600000000000	3.85600000000000	0.0500000000000000
192.800000000000	3.88800000000000	0.0500000000000000
193	3.92000000000000	0.0500000000000000
193.200000000000	3.90400000000000	0.0540000000000000
193.400000000000	3.88800000000000	0.0580000000000000
193.600000000000	3.87200000000000	0.0620000000000000
193.800000000000	3.85600000000000	0.0660000000000000
194	3.84000000000000	0.0700000000000000
194.200000000000	3.85400000000000	0.0660000000000000
194.400000000000	3.86800000000000	0.0620000000000000
194.600000000000	3.88200000000000	0.0580000000000000
194.800000000000	3.89600000000000	0.0540000000000000
195	3.91000000000000	0.0500000000000000
195.200000000000	3.89200000000000	0.0480000000000000
195.400000000000	3.87400000000000	0.0460000000000000
195.600000000000	3.85600000000000	0.0440000000000000
195.800000000000	3.83800000000000	0.0420000000000000
196	3.82000000000000	0.0400000000000000
196.200000000000	3.80400000000000	0.0440000000000000
196.400000000000	3.78800000000000	0.0480000000000000
196.600000000000	3.77200000000000	0.0520000000000000
196.800000000000	3.75600000000000	0.0560000000000000
197	3.74000000000000	0.0600000000000000
197.200000000000	3.75600000000000	0.0560000000000000
197.400000000000	3.77200000000000	0.0520000000000000
197.600000000000	3.78800000000000	0.0480000000000000
197.800000000000	3.80400000000000	0.0440000000000000
198	3.82000000000000	0.0400000000000000
198.200000000000	3.77000000000000	0.0420000000000000
198.400000000000	3.72000000000000	0.0440000000000000
198.600000000000	3.67000000000000	0.0460000000000000
198.800000000000	3.62000000000000	0.0480000000000000
199	3.57000000000000	0.0500000000000000
199.200000000000	3.56200000000000	0.0540000000000000
199.400000000000	3.55400000000000	0.0580000000000000
199.600000000000	3.54600000000000	0.0620000000000000
199.800000000000	3.53800000000000	0.0660000000000000
200	3.53000000000000	0.0700000000000000